0 0.6
46 0.3
93 0.2
140 -0.4
188 0.2
235 -0.5
282 -0.3
329 -0.4
374 -0.5
422 -0.5
467 0.8
514 0.6
561 0.7
607 0.2
657 0.3
700 0.4
747 0.3
793 0.4
840 0.6
887 0.3
935 1.0
989 0.5
1030 -0.6
1072 -0.2
1117 1.0
1166 0.4
1213 1.1
1258 -0.4
1304 0.7
1337 -0.5
1383 1.1
1429 -0.3
1477 -1.5
1523 1.6
1569 1.1
1615 -0.5
1662 -0.4
1709 -0.3
1755 0.6
1800 0.6
1846 -0.6
1892 -0.9
1939 -0.6
1986 1.2
2032 1.0
2079 0.2
2125 -1.4
2173 0.5
2220 -0.0
2266 0.1
2312 0.5
2357 0.2
2405 -0.9
2450 -0.7
2497 0.7
2546 0.3
2590 0.3
2638 -0.0
2685 -0.2
2730 -0.3
2776 -0.4
2822 -1.0
2869 -0.6
2917 0.4
2962 -0.5
3012 -0.9
3056 0.3
3103 1.2
3150 0.1
3196 -0.2
3245 1.4
3290 0.6
3338 -1.2
3384 -0.2
3430 -0.4
3477 0.5
3524 0.1
3571 -0.7
3616 -1.2
3662 -0.3
3710 0.4
3756 -0.3
3803 0.0
3850 -0.6
3896 -0.6
3943 -0.1
3990 -0.2
4036 -0.6
4083 -0.5
4130 -0.1
4176 -1.4
4222 -1.8
4271 0.3
4316 1.5
4363 0.7
4409 0.4
4456 0.3
4502 0.5
4550 0.4
4595 -0.4
4643 0.6
4690 -0.1
4736 -1.2
4785 0.2
4831 -0.2
4878 0.7
4925 -0.2
4971 0.6
5017 0.7
5064 0.8
5111 0.5
5156 0.6
5202 0.4
5250 0.6
5296 1.2
5343 -0.0
5389 0.8
5435 0.7
5481 -0.1
5529 -0.4
5574 -0.7
5620 -0.5
5667 -0.1
5714 -0.7
5761 -2.2
5807 -0.4
5853 -0.3
5898 -0.4
5947 0.3
5993 1.2
6040 -1.7
6087 1.0
6134 0.7
6180 -0.2
6226 -0.3
6274 -0.2
6320 -0.5
6367 0.8
6414 -0.0
6462 0.1
6509 1.2
6556 0.6
6600 -0.7
6648 0.8
6695 -0.1
6743 -1.9
6791 -0.2
6836 -0.6
6883 -0.6
6930 0.2
6977 -0.7
7023 -0.6
7069 0.1
7115 -0.0
7162 -0.8
7208 0.3
7255 -0.1
7302 -1.1
7348 -0.5
7395 0.6
7442 0.1
7490 -1.1
7535 -0.1
7581 0.5
7629 -0.1
7677 -0.3
7724 -0.4
7772 -0.1
7819 0.5
7865 0.7
7912 -0.2
7959 -0.2
8005 -0.1
8051 -0.3
8096 0.6
8145 -0.8
8191 0.6
8238 -0.5
8285 -1.6
8331 0.0
8378 -0.3
8424 0.3
8471 0.3
8519 0.1
8565 -0.1
8611 0.2
8658 -0.1
8704 0.3
8751 0.5
8796 -1.0
8843 0.4
8889 0.6
8936 0.2
8983 -0.0
9029 -0.5
9078 -0.3
9123 -0.1
9170 -1.2
9215 -0.2
9262 -0.7
9311 -0.1
9356 -0.2
9405 0.4
9451 0.6
9496 -0.5
9542 -0.7
9589 -0.8
9636 0.2
9681 0.5
9729 0.5
9775 0.5
9822 0.1
9869 1.1
9917 -0.2
9962 -0.2
10008 -2.3
10057 0.3
10103 0.9
10150 -0.7
10196 0.9
10243 0.5
10290 -0.4
10336 1.0
10384 0.5
10429 -0.6
10476 0.3
10521 -0.5
10570 0.8
10615 -0.1
10661 0.0
10707 0.9
10754 -0.5
10800 -0.6
10847 -0.1
10896 -0.1
10941 -0.3
10989 0.5
11034 0.4
11080 0.6
11127 -0.4
11173 -0.1
11220 -0.5
11267 0.9
11316 0.3
11363 0.5
11409 0.3
11455 0.9
11502 -0.1
11548 0.4
11597 -0.8
11645 0.4
11691 1.1
11738 0.3
11785 0.6
11832 -0.7
11878 -0.9
11925 -1.0
11971 -0.2
12020 0.6
12066 0.7
52113 0.4
52159 -0.6
52206 1.2
52254 -0.4
52300 0.9
52346 -0.1
52393 0.2
52439 -0.1
52487 0.2
52533 0.9
52579 -0.5
52626 0.5
52674 -0.1
52720 0.7
52767 0.0
52812 -0.2
52859 -0.3
52905 -1.1
52953 0.7
53000 0.9
53046 -0.6
53094 0.3
53139 -0.1
53186 0.9
53232 -0.2
53278 0.5
53326 -1.1
53371 0.3
53419 -0.4
53465 -0.3
53513 -0.4
53558 0.1
53605 -0.8
53651 -0.1
53699 0.5
53746 -0.1
53792 -0.5
53837 0.8
53884 -1.0
53932 -0.3
53978 -0.1
54024 -0.2
54073 0.3
54119 -0.7
54165 0.3
54210 0.6
54256 0.1
54304 -0.8
54350 -0.7
54396 0.5
54445 0.2
54491 1.0
54537 0.7
54583 0.4
54629 -0.3
54677 -0.3
54723 0.2
54769 0.3
54816 -1.5
54864 1.4
54910 -0.6
54957 -0.6
55004 0.8
55049 -0.2
55096 0.1
55145 -0.0
55192 0.5
55237 1.0
55284 0.0
55331 1.8
55378 -0.2
55424 -0.2
55470 1.2
55518 0.1
55565 0.3
55612 0.4
55658 0.3
55704 1.3
55751 -0.2
55797 0.5
55844 0.9
55890 0.2
55939 0.7
55985 -0.1
56031 0.2
56079 0.5
56125 -0.3
56173 0.5
56221 -0.7
56266 -0.2
56311 -0.2
56359 -0.1
56407 -0.8
56453 0.5
56498 -0.7
56546 -0.2
56592 1.3
56639 0.1
56686 -0.5
56731 -0.0
56779 0.0
56825 -0.5
56870 -0.2
56918 0.1
56964 -0.0
57011 -0.0
57057 0.0
57103 -0.8
57151 0.8
57197 -0.2
57243 0.5
57290 -0.2
57337 -0.1
57385 57.5
57429 -1.2
57477 -0.2
57523 -0.1
57570 0.3
57617 0.1
57662 -0.2
57710 1.5
57757 -0.1
57805 0.6
57852 0.9
57898 -0.4
57944 0.2
57991 0.8
58037 -0.0
58083 -0.1
58128 -0.2
58175 0.1
58222 0.6
58268 1.8
58316 0.3
58363 0.1
58409 -1.2
58457 1.3
58504 0.2
58552 -0.5
58599 -0.2
58644 0.0
58692 -0.5
58739 0.5
58784 -0.8
58831 0.3
58877 0.7
58925 1.3
58972 0.2
59018 -0.5
59065 0.4
59110 -0.2
59157 0.2
59203 0.0
59249 0.4
59294 0.2
59340 -0.1
59387 0.7
59436 -0.7
59481 -0.4
59529 0.4
59574 -2.3
59622 -1.1
59668 0.0
59716 0.6
59763 0.4
59809 -0.2
59856 -0.1
59902 -0.4
59948 0.5
59995 0.3
60041 -0.0
60087 0.7
60136 -0.1
60182 -0.9
60228 0.9
60274 -0.9
60321 0.4
60367 -0.6
60413 0.2
60461 0.0
60507 -0.3
60555 -0.6
60601 0.9
60646 1.2
60693 0.5
60739 0.6
60785 0.4
60833 1.2
60879 0.1
60926 0.4
60973 0.4
61020 0.5
61067 0.0
61114 0.8
61160 0.2
61205 -0.9
61252 0.7
61297 -0.4
61344 0.3
61392 0.2
61438 -0.5
61486 0.1
61533 -0.0
61581 -0.7
61627 0.3
61673 1.4
61719 0.7
61767 -0.2
61815 0.4
61860 -0.6
61906 0.2
61953 -0.2
61999 -0.0
62045 -0.2
62092 0.4
62137 -0.3
62186 -0.1
62231 2.0
62278 0.5
62321 1.1
62368 0.5
62415 0.2
62462 -0.7
62508 -0.1
62555 -0.7
62601 -0.5
62649 0.3
62697 0.5
62742 0.8
62787 -0.3
62834 1.4
62881 -0.3
62928 -0.1
62974 0.6
63021 -0.2
63068 1.1
63114 0.1
63160 -1.0
63206 0.2
63252 0.1
63299 -0.2
63346 0.4
63391 -0.5
63438 -0.5
63484 -0.5
63531 0.7
63578 0.4
63625 -0.8
63671 -0.4
63718 0.5
63765 -0.3
63810 0.8
63857 -0.2
63904 0.4
63949 -0.1
63996 -0.9
64043 0.4
64089 -0.4
64136 0.7
64182 0.8
64228 -0.6
64275 1.0
64321 -0.1
64367 0.9
64413 1.5
64462 0.2
64508 -0.3
64555 -0.7
64601 0.2
64648 -0.0
64695 -0.5
64741 0.3
64787 0.5
64833 0.2
64880 0.2
64928 -0.0
64974 0.7
65021 0.5
65068 -0.5
65114 -0.4
65162 0.0
65208 -0.1
65255 0.4
65302 -0.6
65348 -0.2
65396 -0.2
65443 -0.0
65490 0.3
65537 1.4
65584 -0.4
65630 -0.3
65677 -0.7
65724 0.0
65771 0.9
65818 0.1
65864 -0.3
65910 -0.2
65958 -0.2
66004 -0.2
66050 -0.2
66098 -0.2
66144 -0.2
66191 -0.2
66238 -0.2
66284 -0.2
66331 -0.1
66378 -0.2
66425 -0.2
66472 -0.2
66519 -0.2
66565 -0.2
66611 -0.2
66657 -0.2
66705 -0.2
66751 -0.2
66797 -0.1
66843 -0.1
66891 -0.1
66937 -0.2
66983 -0.2
67029 -0.2
67076 -0.2
67123 -0.2
67169 -0.2
67216 -0.1
67263 -0.2
67308 -0.2
67355 -0.2
67401 -0.2
67448 -0.2
67495 -0.2
67541 -0.2
67588 -0.2
67634 -0.2
67680 -0.2
67727 -0.1
67774 -0.2
67822 -0.2
67868 -0.2
67915 -0.2
67962 -0.2
68008 -0.2
68056 -0.2
68103 -0.2
68148 -0.2
68192 -0.2
68240 -0.2
68284 -0.2
68332 -0.2
68378 -0.2
68425 -0.2
68473 -0.2
68520 -0.2
68567 -0.2
68614 -0.2
68660 -0.2
68707 -0.2
68753 -0.2
68799 -0.2
68847 -0.2
68893 -0.2
68939 -0.2
68987 -0.2
69034 -0.2
69082 -0.2
69127 -0.2
69176 -0.2
69222 -0.2
69268 -0.2
69317 -0.2
69361 -0.2
69408 -0.2
69455 -0.2
69503 -0.1
69548 -0.2
69596 -0.2
69644 -0.2
69689 -0.1
69736 -0.2
69780 -0.2
69827 -0.2
69875 -0.2
69922 -0.2
69970 -0.1
70017 -0.2
70063 -0.2
70109 -0.1
70155 -0.2
70204 -0.1
70249 -0.1
70296 -0.1
70342 -0.1
70387 -0.1
70434 -0.1
70481 -0.1
70529 -0.0
70576 0.0
70621 0.0
70667 0.1
70715 0.5
70761 17.9
70807 73.3
70853 91.3
70899 90.0
70946 89.4
70993 94.9
71041 97.7
71088 101.4
71136 109.3
71183 116.5
71231 125.4
71275 143.5
71322 151.7
71369 170.8
71415 182.2
71462 184.8
71510 189.4
71557 190.8
71602 199.3
71650 204.2
71696 207.9
71742 213.2
71788 212.6
71833 217.7
71878 222.1
71926 225.0
71972 229.5
72019 236.5
72066 235.9
72113 235.4
72161 243.6
72208 248.1
72254 250.6
72300 249.7
72348 250.8
72393 253.2
72439 250.4
72487 250.0
72535 247.1
72581 237.6
72627 200.3
72674 163.0
72719 120.0
72766 101.5
72813 79.2
72861 62.2
72907 52.6
72953 46.3
73001 38.2
73047 29.1
73092 20.4
73138 13.7
73184 3.4
73230 1.9
73278 1.1
73326 1.0
73372 0.6
73418 0.6
73465 0.4
73512 0.3
73558 0.2
73603 0.1
73649 0.0
73696 0.0
73743 0.0
73789 0.0
73834 0.0
73882 0.1
73929 0.1
73975 0.1
74021 0.0
74069 0.1
74114 0.1
74162 0.1
74208 0.1
74254 0.1
74300 0.1
74347 0.1
74396 0.1
74441 0.2
74488 0.2
74536 0.2
74582 0.3
74629 0.2
74676 0.3
74722 0.3
74769 0.3
74816 0.3
74862 0.3
74909 0.2
74955 -0.2
75002 -0.1
75048 -0.0
75095 0.0
75142 0.0
75188 0.1
75235 0.1
75282 0.1
75328 0.1
75374 0.2
75419 0.2
75466 0.3
75513 0.3
75560 0.3
75607 0.4
75653 0.4
75700 0.4
75747 0.4
75794 0.4
75840 0.5
75887 0.5
75934 0.5
75981 0.6
76031 0.6
76076 0.6
76124 0.6
76171 0.7
76217 0.6
76264 0.7
76310 -0.2
76358 -0.3
76404 -0.3
76450 -0.1
76496 -0.1
76543 -0.1
76590 -0.0
76637 0.0
76683 0.0
76730 0.1
76775 0.1
76823 0.1
76870 0.2
76915 0.2
76964 0.2
77009 0.3
77057 0.3
77103 0.3
77149 0.3
77197 0.4
77243 0.4
77289 0.4
77337 0.4
77384 0.4
77428 0.4
77474 0.5
77521 0.5
77569 0.5
77615 0.5
77662 0.5
77707 0.5
77753 0.5
77801 0.5
77848 0.6
77893 0.5
77939 0.1
77987 0.0
78032 0.0
78079 0.1
78125 0.1
78171 0.2
78216 0.2
78262 0.3
78309 0.3
78356 0.3
78404 0.3
78451 0.3
78498 0.3
78545 0.3
78592 0.3
78639 0.4
78686 0.4
78734 0.4
78780 0.4
78828 0.4
78872 0.4
78919 0.4
78967 0.4
79013 0.4
79059 0.4
79105 0.4
79153 0.4
79200 0.5
79245 0.5
79291 0.4
79338 0.5
79385 0.5
79433 0.5
79478 0.5
79524 0.5
79572 0.5
79618 0.5
79664 0.5
79710 0.5
79755 0.5
79801 0.1
79849 0.1
79896 0.1
79942 0.2
79986 0.2
80034 0.3
80079 0.3
80124 0.2
80173 0.3
80219 0.3
80267 0.3
80313 0.3
80359 0.3
80405 0.3
80454 0.3
80501 0.3
80546 0.3
80594 0.3
80641 0.4
80687 0.3
80734 0.4
80781 0.3
80827 0.4
80874 0.4
80919 0.4
80966 0.4
81011 0.4
81058 0.4
81104 0.4
81150 0.4
81197 0.4
81242 0.4
81289 0.4
81335 0.4
81382 0.4
81429 0.5
81476 0.4
81522 0.4
81569 0.5
81617 0.5
81662 0.5
81709 0.5
81755 0.5
81802 0.5
81849 0.5
81897 0.5
81942 0.5
81989 0.5
82035 0.1
82082 0.2
82130 0.2
82177 0.2
82225 0.2
82271 0.3
82318 0.3
82363 0.3
82410 0.3
82457 0.3
82505 0.3
82553 0.3
82601 0.3
82647 0.3
82696 0.3
82742 0.3
82788 0.3
82834 0.3
82881 0.3
82928 0.3
82975 0.3
83019 0.3
83067 0.3
83114 0.4
83162 0.4
83208 0.4
83254 0.4
83301 0.4
83347 0.4
83394 0.4
83440 0.4
83487 0.4
83533 0.4
83580 0.4
83627 0.5
83673 0.4
83720 0.5
83766 0.4
83812 0.4
83860 0.4
83906 0.4
83952 0.5
83998 0.5
84044 0.5
84091 0.5
84138 0.5
84184 0.5
84231 0.5
84277 0.5
84324 0.5
84372 0.5
84420 0.5
84465 0.5
84511 0.5
84557 0.5
84604 0.5
84652 0.5
84698 0.5
84744 0.5
84793 0.6
84838 0.6
84885 0.5
84931 0.5
84979 0.6
85025 0.5
85072 0.5
85119 0.5
85165 0.1
85210 0.2
85257 0.2
85302 0.2
85349 0.2
85397 0.3
85442 0.3
85489 0.3
85535 0.3
85582 0.3
85628 0.3
85676 0.3
85724 0.3
85770 0.3
85817 0.3
85863 0.4
85910 0.3
85958 0.4
86005 0.4
86051 0.3
86098 0.4
86144 0.3
86189 0.4
86237 0.4
86284 0.4
86331 0.4
86377 0.4
86423 0.4
86472 0.4
86519 0.4
86563 0.4
86610 0.4
86657 0.4
86703 0.4
86751 0.4
86798 0.4
86843 0.4
86890 0.5
86937 0.5
86984 0.5
87031 0.5
87077 0.5
87123 0.5
87170 0.5
87217 0.5
87263 0.5
87310 0.5
87356 0.5
87403 0.5
87448 0.5
87495 0.5
87541 0.5
87588 0.5
87634 0.5
87682 0.6
87728 0.6
87775 0.6
87821 0.6
87868 0.6
87915 0.6
87961 0.6
88008 0.6
88052 0.6
88099 0.6
88146 0.6
88193 0.6
88238 0.6
88284 0.6
88332 0.6
88378 0.6
88426 0.6
88471 0.6
88518 0.6
88564 0.6
88610 0.6
88659 0.6
88707 0.6
88751 0.6
88798 0.7
88845 0.7
88891 0.6
88938 0.6
88984 0.6
89030 0.6
89077 0.6
89123 0.6
89171 0.6
89218 0.6
89265 0.6
89311 0.0
89357 0.1
89404 0.1
89450 0.1
89495 0.2
89543 0.2
89589 0.2
89636 0.2
89681 0.2
89730 0.2
89776 0.2
89824 0.2
89870 0.2
89917 0.3
89964 0.3
90011 0.3
90057 0.3
90103 0.2
90149 0.3
90198 0.3
90244 0.3
90290 0.3
90336 0.3
90383 0.3
90429 0.2
90476 0.3
90522 0.2
90568 0.3
90614 0.3
90662 0.3
90709 0.3
90755 0.3
90802 0.3
90848 0.3
90894 0.3
90942 0.3
90989 0.3
91035 0.3
91081 0.3
91128 0.3
91174 0.3
91221 0.3
91267 0.3
91313 0.3
91360 0.3
91406 0.3
91453 0.3
91498 0.3
91545 0.3
91592 0.3
91639 0.3
91686 0.3
91733 0.3
91778 0.3
91825 0.3
91870 0.3
91917 0.3
91964 0.3
92011 0.3
92059 0.3
92104 0.3
92149 0.4
92196 0.3
92244 0.3
92290 0.3
92336 0.3
92384 0.3
92429 0.4
92477 0.3
92523 0.3
92570 0.4
92616 0.3
92663 0.3
92710 0.4
92755 0.3
92802 0.4
92848 0.3
92895 0.4
92942 0.3
92991 0.4
93037 0.3
93084 0.4
93129 0.3
93176 0.3
93223 0.4
93271 0.3
93317 0.4
93364 0.4
93410 0.3
93457 0.3
93503 0.4
93550 0.4
93596 0.4
93643 0.3
93689 0.4
93737 0.3
93784 0.4
93831 0.4
93876 0.4
93924 0.4
93969 0.3
94016 0.4
94064 0.4
94111 0.4
94157 0.4
94205 0.4
94251 0.4
94298 0.4
94344 0.4
94390 0.4
94438 0.4
94484 0.4
94530 0.4
94576 0.4
94623 0.4
94669 0.4
94715 0.4
94764 0.4
94809 0.4
94855 0.4
94903 0.4
94949 0.4
94996 0.4
95042 0.4
95089 0.4
95135 0.4
95182 0.4
95228 0.4
95274 0.4
95321 0.4
95370 0.4
95415 0.4
95462 0.4
95509 0.4
95554 0.4
95602 0.4
95647 0.5
95694 0.5
95741 0.4
95788 0.4
95834 0.4
95880 0.4
95929 0.5
95974 0.4
96021 0.5
96066 0.4
96114 0.4
96160 0.4
96207 0.5
96253 0.5
96301 0.4
96349 0.4
96394 0.5
96441 0.4
96487 0.4
96536 0.5
96581 0.5
96626 0.5
96672 0.4
96718 0.5
96767 0.5
96813 0.5
96860 0.5
96906 0.5
96952 0.5
96998 0.5
97045 0.5
97091 0.5
97137 0.5
97185 0.5
97231 0.5
97276 0.5
97324 0.5
97370 0.5
97418 0.5
97463 0.5
97510 0.5
97557 0.5
97602 0.5
97649 0.5
97696 0.5
97742 0.5
97791 0.5
97837 0.5
97883 0.5
97931 0.5
97977 0.5
98023 0.5
98068 0.5
98116 0.5
98163 0.6
98210 0.5
98258 0.5
98304 0.5
98350 0.6
98397 0.5
98444 0.5
98490 0.5
98537 0.5
98582 0.6
98629 0.6
98675 0.5
98722 0.6
98769 0.6
98816 0.6
98864 0.6
98911 0.6
98958 0.6
99005 0.6
99052 0.6
99098 0.6
99145 0.6
99191 0.6
99236 0.6
99283 0.6
99330 0.6
99377 0.6
99423 0.6
99468 0.6
99515 0.6
99561 0.6
99609 0.6
99654 0.6
99700 0.6
99747 0.6
99796 0.6
99843 0.6
99888 0.6
99935 0.6
99981 0.6
100029 0.6
100077 0.6
100123 0.6
100170 0.6
100215 0.6
100263 0.6
100310 0.7
100357 0.6
100405 0.7
100452 0.6
100497 0.6
100544 0.7
100590 0.7
100637 0.7
100684 0.7
100729 0.7
100777 0.7
100824 0.7
100871 0.7
100916 0.7
100963 0.7
101010 0.7
101057 0.7
101104 0.7
101149 0.7
101195 0.7
101242 0.7
101289 0.7
101335 0.7
101379 0.7
101425 0.7
101472 0.7
101520 0.7
101568 0.7
101615 0.7
101661 0.7
101707 0.7
101754 0.8
101801 0.7
101847 0.7
101892 0.7
101940 0.7
101987 0.7
102033 0.7
102079 0.8
102125 0.7
102174 0.7
102218 0.7
102265 0.8
102312 0.7
102358 0.8
102404 0.8
102452 0.8
102498 0.8
102547 0.8
102592 0.8
102639 0.7
102685 0.8
102731 0.8
102778 0.8
102824 0.8
102869 0.7
102916 0.8
102961 0.7
103007 0.8
103054 0.8
103101 0.8
103148 0.8
103195 0.8
103241 0.8
103288 0.8
103335 0.8
103380 0.8
103428 0.8
103474 0.8
103520 0.8
103567 0.8
103614 0.8
103661 0.8
103708 0.8
103754 0.9
103801 0.8
103848 0.8
103894 0.9
103941 0.8
103989 0.9
104034 0.8
104081 0.9
104126 0.8
104174 0.8
104221 0.9
104268 0.9
104313 0.9
104361 0.8
104407 0.8
104454 0.9
104498 0.9
104545 0.8
104592 0.8
104637 0.8
104685 0.8
104731 0.8
104778 0.8
104823 0.8
104870 0.8
104917 0.8
104963 0.8
105010 0.8
105057 0.8
105102 0.8
105149 0.8
105196 0.8
105242 0.8
105288 0.9
105335 0.9
105383 0.9
105430 0.9
105477 0.9
105523 0.9
105570 0.9
105616 0.9
105663 0.9
105710 0.9
105757 0.9
105805 0.9
105851 0.9
105898 0.9
105945 0.9
105990 0.9
106036 0.9
106083 0.9
106130 0.9
106175 0.9
106224 0.9
106270 0.9
106317 0.9
106365 0.9
106411 0.9
106458 0.9
106502 0.9
106550 0.9
106596 0.9
106643 0.9
106691 1.0
106738 0.9
106785 1.0
106832 1.0
106880 1.0
106926 1.0
106971 1.0
107018 1.0
107066 1.0
107112 0.9
107158 0.9
107205 1.0
107251 1.0
107298 1.0
107344 1.0
107390 1.0
107436 1.0
107482 1.0
107530 1.0
107577 1.0
107624 1.0
107669 1.0
107715 1.0
107761 1.0
107811 1.0
107858 1.0
107905 1.0
107950 1.0
107997 1.0
108043 1.0
108088 1.0
108136 1.0
108182 1.0
108229 1.0
108276 1.0
108322 1.0
108367 1.0
108413 1.0
108462 1.0
108507 1.0
108552 1.0
108599 1.0
108646 1.0
108691 1.0
108739 1.0
108786 1.0
108833 1.0
108879 1.0
108929 1.0
108975 1.0
109021 1.0
109068 1.0
109114 1.1
109162 1.0
109208 1.0
109254 1.0
109300 1.0
109346 1.0
109393 1.0
109439 1.0
109485 1.0
109532 1.0
109579 1.0
109626 1.0
109671 1.0
109718 1.0
109765 1.0
109811 1.0
109858 1.0
109907 1.0
109961 1.0
110000 1.1
110049 1.0
110094 1.0
110141 1.1
110188 1.1
110235 1.1
110280 1.1
110327 1.0
110373 1.1
110420 1.1
110467 1.1
110512 1.1
110559 1.0
110606 1.1
110653 1.1
110699 1.1
110744 1.1
110791 1.1
110837 1.1
110884 1.1
110932 1.0
110978 1.1
111026 1.0
111072 1.0
111118 1.1
111163 1.1
111210 1.1
111257 1.1
111302 1.1
111350 1.1
111396 1.1
111443 1.1
111490 1.0
111537 1.0
111584 1.1
111630 1.1
111678 1.1
111724 1.1
111770 1.1
111817 1.1
111863 1.0
111910 1.0
111957 1.1
112004 1.1
112052 1.1
152098 1.1
152145 1.1
152193 1.0
152239 1.1
152285 1.1
152333 1.1
152378 1.1
152427 1.1
152473 1.1
152520 1.1
152564 1.1
152613 1.1
152660 1.1
152705 1.1
152753 1.1
152798 1.1
152844 1.1
152888 1.1
152938 1.1
152985 1.1
153031 1.1
153077 1.1
153123 1.1
153171 1.1
153217 1.1
153264 1.1
153309 1.1
153356 1.1
153404 1.1
153450 1.1
153496 1.1
153543 1.1
153589 1.1
153636 1.1
153682 1.1
153728 1.1
153775 1.1
153822 1.1
153868 1.1
153914 1.1
153963 1.1
154009 1.1
154054 1.1
154102 1.1
154148 1.1
154195 1.1
154241 1.1
154287 1.1
154334 1.1
154381 1.1
154426 1.1
154473 1.0
154520 1.0
154567 1.1
154613 1.1
154660 1.1
154705 1.1
154752 1.1
154798 1.1
154844 1.1
154892 1.0
154940 1.1
154985 1.1
155034 1.1
155078 1.0
155125 1.1
155172 1.1
155217 1.0
155263 1.1
155312 1.1
155358 1.1
155404 1.1
155450 1.0
155497 1.1
155543 1.1
155589 1.1
155636 1.1
155683 1.1
155729 1.1
155776 1.1
155823 1.1
155869 1.0
155915 1.1
155961 1.1
156008 1.0
156056 1.1
156104 1.0
156150 1.1
156198 1.1
156244 1.1
156289 1.1
156337 1.1
156382 1.1
156430 1.1
156476 1.1
156521 1.1
156568 1.1
156614 1.1
156663 1.1
156707 1.1
156754 1.1
156799 1.1
156846 1.0
156894 1.0
156939 1.1
156985 1.1
157031 1.1
157078 1.1
157125 1.1
157172 1.0
157219 1.0
157267 0.9
157313 0.9
157359 0.9
157405 0.9
157452 0.9
157498 0.9
157545 0.9
157591 0.9
157638 0.9
157685 0.9
157730 0.9
157778 0.9
157824 0.9
157870 0.9
157917 1.0
157964 1.0
158010 1.0
158056 1.0
158102 1.0
158153 0.9
158194 0.9
158242 1.0
158288 1.0
158335 0.9
158382 1.0
158429 0.9
158474 1.0
158522 1.0
158569 1.0
158616 1.0
158662 1.0
158709 1.0
158755 1.0
158802 1.0
158848 1.0
158895 1.0
158942 0.9
158988 1.0
159034 1.0
159080 0.9
159126 1.0
159173 1.0
159219 1.0
159264 0.9
159311 1.0
159358 1.0
159406 0.9
159453 0.7
159499 -0.4
159546 -0.4
159594 -0.4
159641 -0.4
159688 -0.4
159733 -0.3
159779 -0.4
159826 -0.4
159873 -0.4
159919 -0.3
159966 -0.4
160013 -0.5
160060 -0.4
160107 -0.4
160155 -0.5
160202 -0.5
160248 -0.5
160295 -0.5
160342 -0.5
160390 -0.5
160437 -0.5
160484 -0.5
160529 -0.5
160577 -0.4
160625 -0.4
160673 -0.5
160718 -0.5
160766 -0.5
160811 -0.4
160857 -0.4
160903 -0.4
160950 -0.4
160997 -0.4
161045 -0.4
161090 -0.4
161138 -0.3
161183 -0.3
161231 -0.2
161277 -0.2
161323 -0.2
161370 -0.3
161417 -0.4
161463 -0.4
161509 -0.4
161555 -0.3
161601 -0.3
161647 -0.3
161695 -0.3
161739 -0.3
161787 -0.3
161834 -0.3
161882 -0.3
161927 -0.3
161975 -0.3
162022 -0.3
162070 -0.3